-353 9 1
-289 5 1
-410 -2 1
-433 -8 1
-328 -28 1
-440 -43 1
-320 -120 1
-322 -2 1
-424 -88 1
-318 -106 1
-419 -30 1
-356 -37 1
-331 -5 1
-439 -19 1
-301 -9 1
-459 -18 1
-295 -55 1
-317 -84 1
-317 -124 1
-378 -70 1
-417 -90 1
-343 -84 1
-286 -114 1
-364 4 1
-395 -46 1
-457 -45 1
-480 -31 1
-302 -51 1
-310 -88 1
-316 -145 1
-322 -93 1
-489 -48 1
-419 -29 1
-445 -28 1
-374 -17 1
-361 -129 1
-340 -47 1
-329 -156 1
-281 -153 1
-351 -137 1
-437 -117 1
-384 -128 1
-487 -95 1
-434 -100 1
-400 -137 1
-460 -134 1
-443 -131 1
-391 -153 1
-342 -183 1
-476 -141 1
-271 -186 1
-478 -145 1
-494 -137 1
-474 -187 1
-479 -184 1
-12 182 2
83 93 2
77 137 2
1 234 2
-129 126 2
-96 102 2
-100 91 2
73 135 2
-113 95 2
-37 180 2
-83 89 2
-14 131 2
-74 84 2
69 71 2
-66 174 2
84 61 2
20 134 2
-18 155 2
-52 140 2
-37 83 2
16 214 2
-112 112 2
-11 56 2
14 209 2
-3 76 2
-106 103 2
50 126 2
-45 190 2
-25 113 2
-33 128 2
-46 108 2
-9 33 2
33 71 2
-15 27 2
-84 107 2
-16 151 2
38 95 2
-19 175 2
-62 22 2
-27 173 2
46 94 2
-47 114 2
-116 79 2
-132 92 2
3 4 2
42 12 2
-103 46 2
15 -8 2
12 -15 2
-59 0 2
355 306 3
360 278 3
489 241 3
423 299 3
380 339 3
439 303 3
440 307 3
447 288 3
401 320 3
458 294 3
482 343 3
406 275 3
388 335 3
380 338 3
493 320 3
446 277 3
483 305 3
444 309 3
354 328 3
480 356 3
479 251 3
343 255 3
436 218 3
391 241 3
344 249 3
420 237 3
370 226 3
343 232 3
324 267 3
422 194 3
293 278 3
305 265 3
436 202 3
468 187 3
370 194 3
299 309 3
367 198 3
477 184 3
491 175 3
294 270 3
327 212 3
440 175 3
400 179 3
312 323 3
286 324 3
438 158 3
492 151 3
391 148 3
328 169 3
268 474 4
247 436 4
268 491 4
294 472 4
282 329 4
326 393 4
330 408 4
339 426 4
333 436 4
245 477 4
329 409 4
325 422 4
337 433 4
310 446 4
348 483 4
349 424 4
345 442 4
373 427 4
372 447 4
382 472 4
386 463 4
392 464 4
382 463 4
367 413 4
423 471 4
402 468 4
462 475 4
449 476 4
485 480 4
438 439 4
393 400 4
383 383 4
470 448 4
456 414 4
428 393 4
490 448 4
456 383 4
343 343 4
-237 208 5
-224 191 5
-340 246 5
-327 232 5
-320 222 5
-281 225 5
-334 231 5
-226 201 5
-256 225 5
-245 208 5
-272 243 5
-286 162 5
-324 172 5
-309 170 5
-326 174 5
-318 150 5
-246 179 5
-282 151 5
-216 180 5
-307 134 5
-229 177 5
-307 124 5
-279 113 5
-249 125 5
-289 91 5
-238 118 5
-291 72 5
-277 85 5
-246 85 5
-186 134 5
-307 75 5
-230 86 5
-207 93 5
-209 86 5
-169 140 5
-259 56 5
-251 38 5
-162 90 5
-301 30 5
-156 88 5
-149 110 5
-421 161 6
-460 113 6
-482 177 6
-463 141 6
-411 228 6
-423 257 6
-442 117 6
-478 127 6
-493 179 6
-490 98 6
-473 158 6
-485 157 6
-471 52 6
-441 281 6
-453 84 6
-490 77 6
-421 162 6
-388 109 6
-416 156 6
-457 103 6
-416 241 6
-493 266 6
-486 285 6
-464 61 6
-450 132 6
-489 145 6
-466 63 6
-473 61 6
-492 298 6
-426 170 6
-416 87 6
-407 82 6
-411 92 6
-465 198 6
-487 156 6
-487 295 6
-475 139 6
-391 49 6
-384 52 6
-4 355 7
-27 411 7
26 379 7
-14 385 7
-103 419 7
-42 356 7
-106 390 7
-25 347 7
-38 441 7
6 448 7
-43 391 7
0 486 7
12 437 7
-9 463 7
-10 335 7
2 341 7
-67 329 7
-74 462 7
5 396 7
-51 428 7
16 414 7
-82 451 7
16 420 7
-41 322 7
-80 481 7
3 310 7
-110 454 7
-69 487 7
-140 448 7
-137 493 7
-139 422 7
-138 397 7
-173 455 7
-123 388 7
-135 404 7
-63 317 7
201 306 8
120 289 8
184 314 8
97 288 8
93 257 8
115 280 8
182 283 8
89 253 8
54 267 8
149 247 8
43 249 8
243 297 8
40 242 8
217 259 8
137 219 8
256 272 8
84 190 8
256 257 8
216 238 8
198 231 8
126 199 8
197 230 8
114 190 8
152 192 8
145 195 8
247 247 8
198 216 8
256 233 8
169 211 8
229 216 8
215 208 8
129 173 8
211 193 8
214 185 8
158 143 8
175 140 8
-474 -210 9
-386 -311 9
-451 -494 9
-428 -254 9
-409 -308 9
-393 -310 9
-368 -222 9
-416 -236 9
-389 -282 9
-468 -293 9
-466 -330 9
-483 -403 9
-436 -282 9
-384 -253 9
-462 -478 9
-469 -498 9
-478 -414 9
-417 -243 9
-495 -308 9
-479 -307 9
-427 -225 9
-412 -403 9
-463 -212 9
-420 -229 9
-432 -373 9
-372 -358 9
-397 -417 9
-389 -447 9
-346 -308 9
-351 -313 9
-371 -363 9
-388 -458 9
-352 -342 9
-330 -323 9
-346 -415 9
-347 -446 9
-339 -391 9
-336 -400 9
-322 -393 9
-344 -480 9
-344 -453 9
-304 -280 9
-308 -349 9
-297 -298 9
-296 -299 9
-294 -299 9
-319 -218 9
-45 -299 10
12 -234 10
-42 -299 10
-19 -241 10
-18 -273 10
23 -273 10
69 -315 10
-32 -337 10
-106 -274 10
22 -359 10
-22 -284 10
-33 -329 10
-109 -246 10
-86 -225 10
37 -255 10
-106 -238 10
-49 -379 10
-13 -320 10
-65 -264 10
19 -276 10
-28 -341 10
95 -299 10
-60 -280 10
33 -246 10
-15 -327 10
-70 -399 10
85 -278 10
101 -266 10
-36 -398 10
-7 -403 10
-25 -412 10
-2 -396 10
-26 -445 10
79 -340 10
-30 -458 10
1 -436 10
37 -391 10
-10 -488 10
31 -424 10
18 -472 10
49 -444 10
79 -371 10
32 -464 10
14 -493 10
-59 -500 10
124 99 11
186 110 11
191 101 11
156 66 11
226 135 11
164 110 11
207 109 11
175 104 11
188 60 11
282 138 11
166 37 11
234 92 11
149 45 11
138 46 11
300 136 11
305 146 11
176 16 11
209 25 11
218 25 11
257 82 11
226 20 11
245 85 11
261 52 11
296 127 11
298 114 11
258 55 11
244 -15 11
292 89 11
295 63 11
289 66 11
312 105 11
193 -3 11
124 35 11
126 24 11
278 -7 11
243 -61 11
305 40 11
310 44 11
153 -4 11
285 -44 11
292 -28 11
170 -26 11
294 -73 11
287 -116 11
193 -53 11
253 -105 11
307 -96 11
124 -4 11
-157 -68 12
-139 -30 12
-115 -24 12
-151 34 12
-191 -13 12
-139 -36 12
-223 -13 12
-169 46 12
-168 55 12
-121 -38 12
-204 -24 12
-138 46 12
-204 5 12
-187 -33 12
-180 44 12
-122 0 12
-136 2 12
-195 -36 12
-154 33 12
-218 -19 12
-138 -7 12
-142 -11 12
-157 43 12
-189 44 12
-208 -41 12
-201 -55 12
-188 -81 12
-84 -14 12
-177 -88 12
-207 -110 12
-78 -18 12
-147 -122 12
-175 -110 12
-173 -137 12
-117 -93 12
-174 -167 12
-138 -149 12
-93 -86 12
-144 -153 12
-127 -136 12
-232 -85 12
-90 -62 12
-143 -147 12
-264 -35 12
-73 -29 12
-86 -105 12
-263 -49 12
-253 -83 12
-130 -158 12
-127 -157 12
-106 -143 12
-94 -118 12
-53 -105 12
-51 -69 12
-248 -99 12
-76 -166 12
-246 -167 12
-83 -177 12
-175 -208 12
-250 -179 12
-246 -190 12
406 -327 13
425 -276 13
354 -149 13
477 -289 13
323 -318 13
386 -309 13
284 -289 13
267 -222 13
357 -435 13
303 -199 13
336 -174 13
356 -283 13
435 -409 13
363 -190 13
433 -346 13
359 -241 13
262 -265 13
378 -205 13
357 -412 13
492 -260 13
345 -368 13
461 -469 13
295 -287 13
380 -490 13
425 -434 13
278 -282 13
369 -244 13
473 -231 13
367 -433 13
484 -273 13
447 -238 13
447 -178 13
332 -410 13
415 -303 13
360 -143 13
370 -332 13
487 -321 13
421 -285 13
238 -229 13
459 -448 13
490 -322 13
326 -388 13
263 -197 13
347 -274 13
499 -370 13
340 -419 13
484 -158 13
269 -288 13
295 -240 13
414 -334 13
351 -245 13
430 -441 13
481 -221 13
478 -333 13
443 -218 13
359 -428 13
441 -269 13
394 -247 13
338 -280 13
474 -498 13
405 -402 13
419 -483 13
301 -274 13
369 -287 13
438 -214 13
483 -463 13
322 -355 13
380 -202 13
289 -288 13
435 -396 13
416 -158 13
409 -268 13
360 -193 13
423 -414 13
412 -231 13
410 -384 13
289 -312 13
437 -277 13
405 -304 13
286 -248 13
393 -187 13
444 -382 13
475 -492 13
461 -161 13
449 -457 13
125 425 14
122 488 14
80 450 14
86 393 14
90 396 14
148 470 14
165 439 14
99 451 14
97 416 14
127 389 14
121 421 14
47 474 14
127 412 14
107 409 14
160 455 14
69 477 14
115 432 14
106 371 14
58 407 14
109 402 14
128 464 14
88 383 14
46 442 14
191 466 14
42 377 14
216 388 14
233 410 14
96 359 14
108 363 14
107 354 14
41 342 14
240 422 14
158 360 14
223 372 14
132 353 14
201 361 14
168 345 14
130 336 14
46 306 14
150 331 14
201 350 14
132 317 14
78 -159 15
106 -43 15
102 -90 15
134 -35 15
97 -151 15
28 -67 15
123 -15 15
37 -166 15
153 -216 15
116 -6 15
-14 -102 15
10 -160 15
9 -54 15
-6 -40 15
150 -149 15
68 -112 15
115 -30 15
19 -20 15
94 -79 15
21 -52 15
88 -46 15
94 -97 15
81 -115 15
74 -44 15
29 -119 15
-11 -145 15
142 -145 15
11 -159 15
115 -65 15
137 -48 15
115 -19 15
141 -32 15
25 -74 15
89 -179 15
-13 -84 15
34 -128 15
-22 -72 15
10 -77 15
-16 -104 15
-19 -54 15
1 -146 15
126 -139 15
1 -149 15
57 -77 15
63 -105 15
43 -48 15
40 -145 15
229 -104 15
168 -119 15
203 -95 15
215 -107 15
199 -156 15
177 -57 15
163 -169 15
237 -132 15
232 -142 15
243 -150 15
241 -154 15
253 -140 15
200 -229 15
224 -205 15
175 -246 15
210 -228 15
120 -227 15
118 -225 15
-8 -159 15
79 -210 15
2 -175 15
42 -210 15
-29 -165 15
156 -257 15
47 -214 15
347 48 16
402 92 16
333 -8 16
471 0 16
464 72 16
357 10 16
482 66 16
349 132 16
432 55 16
371 85 16
339 -53 16
450 138 16
488 71 16
392 51 16
385 -21 16
498 91 16
491 -8 16
494 70 16
430 30 16
402 103 16
492 64 16
488 21 16
480 131 16
345 -1 16
439 64 16
399 105 16
376 130 16
495 49 16
456 28 16
455 125 16
367 128 16
356 63 16
360 20 16
407 43 16
334 0 16
417 74 16
465 138 16
414 120 16
495 -32 16
332 -16 16
337 -8 16
374 38 16
466 112 16
398 -96 16
418 -82 16
441 -113 16
419 -114 16
377 -111 16
425 -111 16
498 -123 16
478 -140 16
230 -497 17
147 -421 17
202 -499 17
126 -427 17
226 -457 17
212 -477 17
86 -475 17
181 -460 17
174 -495 17
98 -454 17
227 -484 17
99 -459 17
162 -461 17
131 -486 17
201 -488 17
118 -356 17
185 -384 17
104 -371 17
140 -402 17
151 -360 17
139 -391 17
137 -379 17
181 -336 17
211 -387 17
140 -340 17
145 -329 17
158 -335 17
260 -464 17
264 -470 17
227 -397 17
271 -498 17
215 -352 17
212 -364 17
241 -381 17
282 -461 17
220 -347 17
269 -427 17
289 -473 17
226 -345 17
203 -276 17
274 -384 17
301 -434 17
284 -393 17
318 -446 17
236 -291 17
263 -326 17
277 -344 17
241 -273 17
286 -354 17
252 -279 17
297 -359 17
-350 471 18
-386 460 18
-436 352 18
-473 487 18
-327 480 18
-438 491 18
-474 492 18
-492 455 18
-253 494 18
-313 461 18
-242 480 18
-251 482 18
-347 475 18
-431 359 18
-314 467 18
-438 487 18
-379 478 18
-386 353 18
-233 497 18
-367 482 18
-235 449 18
-359 379 18
-480 435 18
-392 426 18
-261 487 18
-300 493 18
-275 418 18
-348 374 18
-395 409 18
-421 478 18
-429 431 18
-465 355 18
-374 372 18
-378 352 18
-268 413 18
-312 360 18
-395 334 18
-260 375 18
-254 376 18
-439 311 18
-313 352 18
-267 367 18
-409 311 18
-390 321 18
-348 329 18
-326 327 18
-369 311 18
-208 398 18
-367 319 18
-362 303 18
-258 345 18
-284 336 18
-253 344 18
-286 328 18
-276 331 18
-334 300 18
-262 313 18
-325 288 18
-374 265 18
-280 286 18
-273 286 18
-227 -297 19
-286 -423 19
-280 -335 19
-206 -258 19
-216 -302 19
-215 -359 19
-250 -251 19
-162 -319 19
-233 -300 19
-238 -235 19
-191 -239 19
-248 -457 19
-139 -387 19
-164 -292 19
-282 -413 19
-161 -405 19
-191 -401 19
-151 -396 19
-203 -379 19
-195 -389 19
-235 -286 19
-290 -347 19
-162 -363 19
-166 -334 19
-181 -327 19
-237 -329 19
-273 -371 19
-177 -300 19
-238 -223 19
-195 -259 19
-143 -303 19
-297 -419 19
-243 -280 19
-230 -316 19
-271 -457 19
-288 -365 19
-179 -447 19
-262 -500 19
-181 -452 19
-167 -423 19
-134 -289 19
-155 -498 19
-124 -471 19
-125 -358 19
-138 -482 19
-128 -419 19
-101 -495 19
-109 -456 19
-100 -381 19
-113 -306 19
-218 326 20
-153 295 20
-152 313 20
-197 378 20
-175 236 20
-132 253 20
-147 285 20
-155 316 20
-167 233 20
-131 310 20
-111 325 20
-173 222 20
-138 302 20
-179 219 20
-176 364 20
-152 227 20
-197 347 20
-193 274 20
-184 226 20
-143 227 20
-176 269 20
-118 298 20
-135 238 20
-63 271 20
-107 338 20
-117 243 20
-101 270 20
-85 283 20
-100 224 20
-64 259 20
-127 205 20
-50 266 20
-144 189 20
-47 245 20
-23 258 20
-104 199 20
-147 166 20
-120 172 20
-112 177 20
-219 257 20
-249 281 20
-224 244 20
-260 278 20
